
Frequencies (n = 1, with spaces) are:
	" " - 0.165		"о" - 0.095		"е" - 0.072		"а" - 0.065	
	"и" - 0.057		"н" - 0.053		"т" - 0.051		"с" - 0.042	
	"в" - 0.038		"л" - 0.037		"р" - 0.035		"к" - 0.034	
	"д" - 0.026		"м" - 0.025		"у" - 0.025		"п" - 0.023	
	"ь" - 0.017		"ы" - 0.016		"ч" - 0.016		"б" - 0.016	
	"я" - 0.016		"г" - 0.014		"з" - 0.014		"ж" - 0.009	
	"й" - 0.009		"х" - 0.008		"ш" - 0.008		"ю" - 0.005	
	"ц" - 0.003		"щ" - 0.003		"э" - 0.002		"ф" - 0.001	

Frequencies (n = 1, without spaces) are:
	"о" - 0.114		"е" - 0.086		"а" - 0.078		"и" - 0.068	
	"н" - 0.063		"т" - 0.061		"с" - 0.051		"в" - 0.045	
	"л" - 0.045		"р" - 0.041		"к" - 0.041		"д" - 0.031	
	"м" - 0.03		"у" - 0.03		"п" - 0.028		"ь" - 0.021	
	"ы" - 0.019		"ч" - 0.019		"б" - 0.019		"я" - 0.019	
	"г" - 0.017		"з" - 0.017		"ж" - 0.011		"х" - 0.01	
	"й" - 0.01		"ш" - 0.01		"ю" - 0.006		"ц" - 0.003	
	"щ" - 0.003		"э" - 0.002		"ф" - 0.001	

Frequencies (n = 2, with spaces) are:
                       а       б       в       г       д       е       ж       з       и       й       к       л       м       н       о       п       р       с       т       у       ф       х       ц       ч       ш       щ       ы       ь       э       ю       я
               0   0.002   0.007   0.015   0.004   0.008   0.003   0.002   0.004   0.011     0.0    0.01   0.002   0.005   0.017    0.01   0.017   0.004   0.015   0.009   0.004     0.0   0.002     0.0   0.007   0.001     0.0       0     0.0   0.002     0.0   0.001
       а   0.015       0   0.001   0.003   0.001   0.002   0.001   0.001   0.004     0.0   0.001   0.007   0.007   0.004   0.003     0.0   0.001   0.002   0.003   0.004     0.0     0.0   0.001     0.0   0.001   0.001     0.0       0       0       0   0.001   0.002
       б     0.0   0.001       0     0.0     0.0     0.0   0.002     0.0     0.0   0.001       0     0.0   0.001     0.0     0.0   0.002       0   0.001     0.0     0.0   0.001       0     0.0     0.0     0.0     0.0     0.0   0.004     0.0       0     0.0   0.001
       в   0.007   0.005     0.0     0.0     0.0     0.0   0.005       0     0.0   0.003       0     0.0   0.001     0.0   0.001   0.006     0.0   0.001   0.003     0.0   0.001       0     0.0     0.0     0.0   0.001     0.0   0.003     0.0       0     0.0     0.0
       г   0.001   0.001     0.0     0.0       0   0.001     0.0       0       0   0.001       0     0.0   0.001     0.0     0.0   0.008       0   0.001     0.0     0.0   0.001       0       0       0     0.0     0.0       0       0       0       0       0       0
       д   0.001   0.005     0.0   0.001     0.0     0.0   0.005     0.0     0.0   0.002       0     0.0   0.001     0.0   0.002   0.003     0.0   0.002     0.0     0.0   0.002       0     0.0     0.0     0.0     0.0     0.0     0.0   0.001       0     0.0     0.0
       е   0.019     0.0   0.001   0.002   0.003   0.003   0.001   0.001   0.001     0.0   0.002   0.001   0.006   0.004   0.006     0.0   0.001   0.005   0.004   0.005     0.0     0.0   0.001   0.001   0.001   0.001   0.001       0       0       0     0.0     0.0
       ж   0.001   0.001     0.0       0       0   0.001   0.004     0.0       0   0.001       0     0.0     0.0     0.0   0.001     0.0       0     0.0     0.0       0     0.0       0       0     0.0     0.0       0       0       0     0.0       0       0       0
       з   0.001   0.005     0.0   0.001     0.0   0.001     0.0     0.0     0.0     0.0       0     0.0     0.0     0.0   0.002   0.001       0     0.0     0.0     0.0     0.0       0       0     0.0     0.0     0.0       0     0.0     0.0       0     0.0   0.001
       и   0.019     0.0   0.001   0.002     0.0   0.001   0.002     0.0   0.002     0.0   0.001   0.003   0.004   0.003   0.003     0.0     0.0   0.001   0.002   0.004     0.0     0.0   0.002   0.001   0.002   0.001     0.0       0       0     0.0     0.0   0.001
       й   0.007       0     0.0       0       0     0.0       0       0       0       0       0     0.0     0.0     0.0     0.0     0.0     0.0       0     0.0     0.0       0       0     0.0     0.0     0.0     0.0       0       0       0       0       0       0
       к   0.005   0.009       0     0.0       0     0.0   0.001     0.0       0   0.003       0     0.0   0.001     0.0     0.0    0.01       0   0.001     0.0     0.0   0.002       0     0.0     0.0       0     0.0       0       0       0       0       0       0
       л   0.006   0.005     0.0     0.0     0.0     0.0   0.004     0.0     0.0   0.006       0     0.0     0.0     0.0     0.0   0.006     0.0       0   0.001     0.0   0.001     0.0       0     0.0     0.0       0     0.0   0.001   0.004       0   0.001   0.001
       м   0.008   0.003     0.0       0     0.0       0   0.004       0     0.0   0.003       0     0.0     0.0     0.0   0.001   0.003     0.0     0.0     0.0     0.0   0.002     0.0       0     0.0     0.0     0.0     0.0   0.001     0.0       0       0     0.0
       н   0.004   0.009     0.0     0.0     0.0     0.0    0.01     0.0     0.0   0.007       0     0.0       0       0   0.003    0.01       0     0.0     0.0     0.0   0.003     0.0     0.0     0.0     0.0     0.0     0.0   0.003   0.001       0     0.0   0.001
       о   0.022     0.0   0.004   0.008   0.004   0.005   0.002   0.002   0.001   0.001   0.003   0.002   0.006   0.005   0.005     0.0   0.001   0.006   0.006   0.006     0.0     0.0   0.001     0.0   0.002   0.001     0.0       0       0     0.0   0.001   0.001
       п     0.0   0.001       0       0       0       0   0.002       0       0   0.001       0     0.0   0.001       0     0.0    0.01     0.0   0.007     0.0     0.0   0.001       0     0.0     0.0     0.0     0.0     0.0     0.0     0.0       0       0     0.0
       р   0.001   0.006     0.0     0.0     0.0     0.0   0.006     0.0     0.0   0.005       0     0.0     0.0     0.0   0.001   0.007     0.0     0.0     0.0   0.001   0.003     0.0     0.0     0.0     0.0     0.0     0.0   0.001   0.001       0     0.0   0.001
       с   0.003   0.002     0.0   0.001     0.0     0.0   0.004     0.0     0.0   0.001       0   0.004   0.003   0.001   0.001   0.003   0.001     0.0   0.001    0.01   0.001     0.0     0.0     0.0     0.0     0.0       0     0.0   0.003       0     0.0   0.004
       т   0.006   0.006     0.0   0.002     0.0     0.0   0.005       0     0.0   0.003       0   0.001     0.0     0.0   0.001   0.013     0.0   0.002   0.001     0.0   0.002     0.0     0.0     0.0     0.0     0.0     0.0   0.001   0.006       0     0.0   0.001
       у   0.007     0.0   0.001   0.001   0.001   0.002     0.0   0.002     0.0     0.0     0.0   0.001   0.001   0.001     0.0       0   0.001   0.001   0.001   0.002     0.0     0.0   0.001     0.0   0.001   0.001     0.0       0       0     0.0   0.001     0.0
       ф     0.0     0.0       0       0       0       0     0.0       0       0     0.0       0       0     0.0     0.0     0.0     0.0       0     0.0     0.0     0.0     0.0       0       0       0     0.0       0       0     0.0     0.0       0       0     0.0
       х   0.004   0.001       0     0.0       0       0     0.0       0     0.0     0.0       0       0     0.0     0.0     0.0   0.002     0.0     0.0     0.0     0.0     0.0       0       0       0       0     0.0       0       0     0.0     0.0       0       0
       ц   0.001   0.001       0     0.0       0       0   0.001       0       0     0.0       0     0.0       0     0.0       0     0.0       0       0       0       0     0.0       0       0       0       0       0       0     0.0       0       0       0       0
       ч     0.0   0.002       0     0.0       0       0   0.004       0       0   0.003       0   0.001     0.0       0   0.001     0.0       0     0.0       0   0.004   0.001       0       0       0       0     0.0       0       0     0.0       0       0       0
       ш     0.0   0.001       0     0.0       0       0   0.002       0       0   0.002       0   0.001     0.0     0.0     0.0     0.0     0.0     0.0       0     0.0     0.0       0       0       0       0       0       0       0   0.001       0       0       0
       щ     0.0     0.0       0       0       0       0   0.001       0       0   0.001       0       0       0       0     0.0     0.0       0     0.0       0       0     0.0       0       0       0       0       0       0       0     0.0       0       0       0
       ы   0.004       0     0.0   0.001     0.0     0.0   0.001     0.0     0.0     0.0   0.001     0.0   0.002   0.001     0.0       0     0.0     0.0   0.001   0.001     0.0       0   0.001     0.0     0.0     0.0     0.0       0       0       0       0     0.0
       ь   0.011       0     0.0     0.0     0.0     0.0   0.001     0.0     0.0     0.0       0   0.001       0     0.0   0.001     0.0       0       0   0.001     0.0       0     0.0       0     0.0     0.0     0.0     0.0       0       0       0     0.0   0.001
       э     0.0       0       0       0     0.0     0.0       0       0       0       0     0.0     0.0     0.0     0.0       0       0     0.0       0     0.0   0.002       0     0.0     0.0       0       0       0       0       0       0       0       0       0
       ю   0.003       0     0.0     0.0     0.0     0.0       0     0.0     0.0     0.0     0.0     0.0     0.0     0.0     0.0       0     0.0     0.0     0.0     0.0       0     0.0     0.0     0.0     0.0     0.0     0.0       0       0       0     0.0       0
       я    0.01       0     0.0     0.0     0.0     0.0     0.0     0.0     0.0     0.0     0.0     0.0   0.001     0.0   0.001       0     0.0     0.0     0.0   0.002       0       0     0.0     0.0     0.0     0.0     0.0       0       0       0     0.0     0.0

Frequencies (n = 2, without spaces) are:
               а       б       в       г       д       е       ж       з       и       й       к       л       м       н       о       п       р       с       т       у       ф       х       ц       ч       ш       щ       ы       ь       э       ю       я
       а     0.0   0.001   0.005   0.001   0.003   0.002   0.002   0.005   0.001   0.001   0.009   0.008   0.005   0.006   0.001   0.003   0.003   0.005   0.006   0.001     0.0   0.001     0.0   0.002   0.001     0.0       0       0     0.0   0.001   0.002
       б   0.001     0.0     0.0     0.0     0.0   0.003     0.0     0.0   0.001       0     0.0   0.001     0.0     0.0   0.003     0.0   0.002     0.0     0.0   0.002       0     0.0     0.0     0.0     0.0     0.0   0.005     0.0     0.0     0.0   0.001
       в   0.006     0.0     0.0     0.0   0.001   0.006     0.0   0.001   0.004       0   0.001   0.001     0.0   0.002   0.008   0.001   0.001   0.005   0.001   0.001     0.0     0.0     0.0     0.0   0.002     0.0   0.003     0.0     0.0     0.0     0.0
       г   0.001     0.0     0.0     0.0   0.001     0.0     0.0     0.0   0.001       0     0.0   0.001     0.0     0.0    0.01     0.0   0.001     0.0     0.0   0.001       0     0.0       0     0.0     0.0       0       0       0     0.0       0     0.0
       д   0.006     0.0   0.001     0.0     0.0   0.006     0.0     0.0   0.002       0     0.0   0.001     0.0   0.002   0.004     0.0   0.002   0.001     0.0   0.002       0     0.0     0.0     0.0     0.0     0.0   0.001   0.001     0.0     0.0     0.0
       е     0.0   0.003   0.004   0.004   0.005   0.002   0.001   0.002   0.002   0.002   0.003   0.007   0.006    0.01   0.001   0.004   0.007   0.007   0.007   0.001     0.0   0.001   0.001   0.002   0.001   0.001       0       0     0.0     0.0     0.0
       ж   0.001     0.0     0.0     0.0   0.001   0.005     0.0     0.0   0.002       0     0.0     0.0     0.0   0.001     0.0     0.0     0.0     0.0     0.0     0.0     0.0     0.0     0.0     0.0       0       0       0     0.0     0.0       0     0.0
       з   0.006     0.0   0.001     0.0   0.001     0.0     0.0     0.0     0.0       0     0.0     0.0     0.0   0.002   0.001     0.0     0.0     0.0     0.0     0.0     0.0     0.0     0.0     0.0     0.0     0.0     0.0     0.0     0.0     0.0   0.001
       и     0.0   0.002   0.005   0.001   0.003   0.003     0.0   0.003   0.002   0.001   0.005   0.006   0.004   0.006   0.002   0.003   0.001   0.005   0.006   0.001     0.0   0.002   0.001   0.003   0.001     0.0       0       0     0.0     0.0   0.002
       й     0.0     0.0   0.001     0.0   0.001     0.0     0.0     0.0   0.001       0   0.001     0.0     0.0   0.001     0.0   0.001     0.0   0.001   0.001     0.0     0.0     0.0     0.0     0.0     0.0     0.0       0       0     0.0     0.0     0.0
       к    0.01     0.0   0.001     0.0     0.0   0.001     0.0     0.0   0.004       0     0.0   0.001     0.0   0.001   0.013   0.001   0.002   0.001   0.001   0.003     0.0     0.0     0.0     0.0     0.0     0.0       0       0     0.0       0     0.0
       л   0.006     0.0   0.001     0.0     0.0   0.005     0.0     0.0   0.008       0   0.001     0.0     0.0   0.001   0.008   0.001     0.0   0.002     0.0   0.002     0.0     0.0     0.0   0.001     0.0     0.0   0.001   0.005     0.0   0.001   0.002
       м   0.003     0.0   0.001     0.0   0.001   0.005     0.0     0.0   0.004       0   0.001     0.0     0.0   0.002   0.004   0.001     0.0   0.001     0.0   0.003     0.0     0.0     0.0     0.0     0.0     0.0   0.001     0.0     0.0     0.0   0.001
       н   0.011     0.0     0.0     0.0     0.0   0.012     0.0     0.0   0.009     0.0   0.001     0.0     0.0   0.004   0.012   0.001     0.0   0.001   0.001   0.003     0.0     0.0     0.0     0.0     0.0     0.0   0.004   0.002     0.0     0.0   0.001
       о     0.0   0.006   0.012   0.006   0.007   0.003   0.003   0.003   0.002   0.004   0.004   0.007   0.007   0.009   0.002   0.004   0.007   0.009   0.009   0.001     0.0   0.001     0.0   0.004   0.001     0.0       0       0     0.0   0.001   0.001
       п   0.001     0.0     0.0     0.0     0.0   0.003       0       0   0.001       0     0.0   0.001       0     0.0   0.011     0.0   0.008     0.0     0.0   0.001       0     0.0     0.0     0.0     0.0     0.0     0.0     0.0       0       0     0.0
       р   0.008     0.0     0.0     0.0     0.0   0.007     0.0     0.0   0.006     0.0     0.0     0.0     0.0   0.001   0.009     0.0     0.0     0.0   0.001   0.003     0.0     0.0     0.0     0.0     0.0     0.0   0.002   0.001     0.0     0.0   0.001
       с   0.002     0.0   0.002     0.0     0.0   0.005     0.0     0.0   0.002       0   0.005   0.003   0.001   0.001   0.003   0.002     0.0   0.001   0.012   0.001     0.0     0.0     0.0     0.0     0.0     0.0     0.0   0.003     0.0     0.0   0.005
       т   0.007     0.0   0.003     0.0     0.0   0.006     0.0     0.0   0.004       0   0.001     0.0     0.0   0.002   0.016   0.001   0.003   0.002   0.001   0.002     0.0     0.0     0.0   0.001     0.0     0.0   0.002   0.007     0.0     0.0   0.001
       у     0.0   0.001   0.001   0.002   0.003     0.0   0.003   0.001   0.001     0.0   0.001   0.001   0.002   0.001     0.0   0.002   0.001   0.002   0.002     0.0     0.0   0.001     0.0   0.001   0.001     0.0       0     0.0     0.0   0.001     0.0
       ф     0.0     0.0       0       0       0     0.0       0       0     0.0       0       0     0.0     0.0     0.0     0.0       0     0.0     0.0     0.0     0.0       0       0       0     0.0       0       0     0.0     0.0       0       0     0.0
       х   0.001     0.0   0.001     0.0     0.0     0.0     0.0     0.0   0.001       0     0.0     0.0     0.0   0.001   0.003   0.001     0.0     0.0     0.0     0.0     0.0     0.0     0.0     0.0     0.0     0.0       0     0.0     0.0     0.0     0.0
       ц   0.001     0.0     0.0     0.0     0.0   0.001       0     0.0     0.0       0     0.0     0.0     0.0     0.0     0.0     0.0     0.0     0.0     0.0     0.0     0.0     0.0     0.0     0.0       0       0     0.0       0     0.0     0.0     0.0
       ч   0.002     0.0     0.0     0.0     0.0   0.004     0.0     0.0   0.004       0   0.001     0.0     0.0   0.001     0.0     0.0     0.0     0.0   0.005   0.001       0     0.0       0     0.0     0.0       0       0     0.0     0.0       0       0
       ш   0.001     0.0     0.0     0.0     0.0   0.002     0.0     0.0   0.003       0   0.001   0.001     0.0     0.0     0.0     0.0     0.0     0.0     0.0     0.0       0     0.0       0     0.0       0       0       0   0.001       0       0     0.0
       щ     0.0       0       0       0       0   0.002       0       0   0.001       0       0       0       0     0.0     0.0       0     0.0     0.0     0.0     0.0       0       0       0       0       0       0       0     0.0       0       0       0
       ы     0.0     0.0   0.001     0.0     0.0   0.002     0.0     0.0     0.0   0.002   0.001   0.003   0.002   0.001     0.0   0.001     0.0   0.001   0.001     0.0     0.0   0.001     0.0     0.0   0.001     0.0       0       0     0.0     0.0     0.0
       ь     0.0   0.001   0.001     0.0   0.001   0.001     0.0   0.001   0.001       0   0.003     0.0   0.001   0.003   0.001   0.001     0.0   0.002   0.001     0.0     0.0     0.0     0.0   0.001   0.001     0.0       0       0     0.0     0.0   0.001
       э       0       0       0     0.0     0.0       0       0       0       0     0.0     0.0     0.0     0.0       0       0     0.0       0     0.0   0.002       0     0.0     0.0       0     0.0       0       0       0       0     0.0       0       0
       ю     0.0     0.0     0.0     0.0   0.001     0.0     0.0     0.0     0.0     0.0     0.0     0.0     0.0     0.0     0.0     0.0     0.0   0.001   0.001     0.0     0.0     0.0     0.0     0.0     0.0     0.0       0       0     0.0     0.0     0.0
       я     0.0   0.001   0.002     0.0   0.001     0.0     0.0   0.001   0.001     0.0   0.001   0.001   0.001   0.002   0.001   0.001     0.0   0.002   0.003     0.0     0.0     0.0     0.0   0.001     0.0     0.0       0       0     0.0     0.0     0.0

Frequencies (n = 2, with spaces, read with step) are:
                       а       б       в       г       д       е       ж       з       и       й       к       л       м       н       о       п       р       с       т       у       ф       х       ц       ч       ш       щ       ы       ь       э       ю       я
               0   0.002   0.007   0.015   0.004   0.008   0.003   0.002   0.004   0.011       0    0.01   0.002   0.005   0.017    0.01   0.017   0.004   0.016   0.009   0.004     0.0   0.002     0.0   0.007   0.001     0.0       0     0.0   0.002     0.0   0.001
       а   0.015       0   0.001   0.003   0.001   0.002   0.001   0.001   0.004     0.0   0.001   0.007   0.007   0.004   0.003     0.0   0.001   0.002   0.003   0.004     0.0     0.0   0.001     0.0   0.001   0.001     0.0       0       0       0   0.001   0.002
       б     0.0   0.001       0     0.0     0.0     0.0   0.002     0.0     0.0   0.001       0     0.0   0.001     0.0     0.0   0.002       0   0.001     0.0     0.0   0.001       0     0.0     0.0     0.0     0.0     0.0   0.004     0.0       0     0.0   0.001
       в   0.007   0.005     0.0     0.0     0.0     0.0   0.005       0     0.0   0.003       0     0.0     0.0     0.0   0.001   0.006     0.0   0.001   0.003     0.0   0.001       0     0.0     0.0     0.0   0.001     0.0   0.003     0.0       0       0     0.0
       г   0.001   0.001     0.0     0.0       0   0.001     0.0       0       0   0.001       0     0.0   0.001     0.0     0.0   0.008       0   0.001     0.0     0.0   0.001       0       0       0     0.0     0.0       0       0       0       0       0       0
       д   0.001   0.005     0.0   0.001     0.0     0.0   0.005     0.0     0.0   0.002       0     0.0   0.001     0.0   0.002   0.003     0.0   0.002     0.0     0.0   0.002       0     0.0     0.0     0.0     0.0     0.0     0.0   0.001       0     0.0     0.0
       е   0.019     0.0   0.001   0.002   0.003   0.003   0.001   0.001   0.001     0.0   0.002   0.001   0.006   0.004   0.006     0.0   0.001   0.005   0.005   0.005     0.0     0.0   0.001   0.001   0.001   0.001   0.001       0       0       0     0.0     0.0
       ж   0.001   0.001     0.0       0       0   0.001   0.004     0.0       0   0.001       0     0.0     0.0     0.0   0.001     0.0       0     0.0     0.0       0     0.0       0       0     0.0     0.0       0       0       0     0.0       0       0       0
       з   0.001   0.005     0.0   0.001     0.0   0.001     0.0     0.0     0.0     0.0       0     0.0     0.0     0.0   0.002   0.001       0     0.0     0.0     0.0     0.0       0       0     0.0     0.0     0.0       0     0.0     0.0       0     0.0   0.001
       и   0.019     0.0   0.001   0.002     0.0   0.001   0.002     0.0   0.002     0.0   0.001   0.003   0.004   0.003   0.003     0.0     0.0   0.001   0.002   0.004     0.0     0.0   0.002   0.001   0.002   0.001     0.0       0       0       0     0.0   0.001
       й   0.007       0     0.0       0       0     0.0       0       0       0       0       0     0.0     0.0     0.0     0.0       0       0       0     0.0     0.0       0       0     0.0     0.0     0.0     0.0       0       0       0       0       0       0
       к   0.005   0.008       0     0.0       0     0.0   0.001     0.0       0   0.003       0     0.0   0.001     0.0     0.0    0.01       0   0.001     0.0     0.0   0.002       0       0     0.0       0     0.0       0       0       0       0       0       0
       л   0.006   0.005     0.0     0.0     0.0     0.0   0.004     0.0     0.0   0.006       0     0.0     0.0     0.0     0.0   0.006     0.0       0   0.001     0.0   0.001     0.0       0     0.0     0.0       0     0.0   0.001   0.004       0   0.001   0.001
       м   0.008   0.003     0.0       0     0.0       0   0.004       0       0   0.003       0     0.0     0.0     0.0   0.001   0.003     0.0     0.0     0.0     0.0   0.002     0.0       0     0.0     0.0     0.0     0.0   0.001     0.0       0       0     0.0
       н   0.004   0.009     0.0     0.0     0.0     0.0    0.01     0.0     0.0   0.007       0     0.0       0       0   0.003    0.01       0     0.0     0.0     0.0   0.003     0.0       0     0.0     0.0     0.0     0.0   0.003   0.001       0     0.0   0.001
       о   0.022     0.0   0.004   0.008   0.004   0.005   0.002   0.002   0.001   0.001   0.003   0.002   0.005   0.005   0.005     0.0   0.001   0.006   0.006   0.006     0.0     0.0   0.001     0.0   0.002   0.001     0.0       0       0     0.0   0.001   0.001
       п     0.0   0.001       0       0       0       0   0.002       0       0   0.001       0     0.0   0.001       0     0.0   0.009     0.0   0.007     0.0     0.0   0.001       0       0     0.0     0.0     0.0     0.0     0.0     0.0       0       0     0.0
       р   0.001   0.006     0.0     0.0     0.0     0.0   0.005     0.0     0.0   0.005       0     0.0     0.0     0.0   0.001   0.007     0.0     0.0     0.0   0.001   0.003     0.0     0.0     0.0     0.0     0.0     0.0   0.001   0.001       0     0.0   0.001
       с   0.003   0.002     0.0   0.001     0.0     0.0   0.004     0.0     0.0   0.001       0   0.004   0.003   0.001   0.001   0.003   0.001     0.0   0.001    0.01   0.001     0.0     0.0     0.0     0.0     0.0       0     0.0   0.003       0     0.0   0.004
       т   0.006   0.005     0.0   0.002     0.0     0.0   0.005       0     0.0   0.003       0     0.0     0.0     0.0   0.001   0.013     0.0   0.002   0.001     0.0   0.001     0.0     0.0     0.0     0.0     0.0     0.0   0.001   0.006       0     0.0   0.001
       у   0.007     0.0   0.001   0.001   0.001   0.002     0.0   0.002     0.0       0     0.0   0.001   0.001   0.001     0.0       0   0.001   0.001   0.001   0.002     0.0     0.0   0.001       0   0.001   0.001     0.0       0       0     0.0   0.001     0.0
       ф     0.0     0.0       0       0       0       0     0.0       0       0     0.0       0       0     0.0     0.0     0.0     0.0       0     0.0     0.0     0.0     0.0       0       0       0     0.0       0       0     0.0     0.0       0       0     0.0
       х   0.004   0.001       0     0.0       0       0     0.0       0       0     0.0       0       0     0.0     0.0     0.0   0.002       0     0.0     0.0     0.0     0.0       0       0       0       0     0.0       0       0     0.0       0       0       0
       ц   0.001   0.001       0     0.0       0       0   0.001       0       0     0.0       0     0.0       0       0       0     0.0       0       0       0       0     0.0       0       0       0       0       0       0     0.0       0       0       0       0
       ч     0.0   0.002       0     0.0       0       0   0.003       0       0   0.003       0   0.001     0.0       0   0.001     0.0       0     0.0       0   0.004   0.001       0       0       0       0     0.0       0       0     0.0       0       0       0
       ш     0.0   0.001       0     0.0       0       0   0.002       0       0   0.002       0   0.001     0.0     0.0     0.0     0.0     0.0       0       0     0.0     0.0       0       0       0       0       0       0       0   0.001       0       0       0
       щ     0.0     0.0       0       0       0       0   0.001       0       0   0.001       0       0       0       0     0.0       0       0     0.0       0       0     0.0       0       0       0       0       0       0       0     0.0       0       0       0
       ы   0.004       0     0.0   0.001     0.0     0.0   0.001     0.0     0.0     0.0   0.001     0.0   0.002   0.001     0.0       0     0.0     0.0   0.001   0.001     0.0       0   0.001     0.0     0.0     0.0     0.0       0       0       0       0       0
       ь    0.01       0     0.0     0.0     0.0     0.0   0.001     0.0     0.0     0.0       0   0.001       0     0.0   0.001     0.0       0       0   0.001     0.0       0     0.0       0     0.0     0.0     0.0       0       0       0       0     0.0   0.001
       э     0.0       0       0       0     0.0     0.0       0       0       0       0     0.0     0.0     0.0     0.0       0       0       0       0     0.0   0.002       0     0.0     0.0       0       0       0       0       0       0       0       0       0
       ю   0.003       0     0.0     0.0     0.0     0.0       0     0.0     0.0     0.0     0.0     0.0     0.0     0.0     0.0       0     0.0     0.0     0.0     0.0       0     0.0     0.0       0     0.0     0.0     0.0       0       0       0     0.0       0
       я   0.009       0     0.0     0.0     0.0     0.0     0.0     0.0     0.0     0.0     0.0     0.0   0.001   0.001   0.001       0     0.0     0.0     0.0   0.002       0       0     0.0     0.0     0.0     0.0     0.0       0       0       0     0.0     0.0

Frequencies (n = 2, without spaces, read with step) are:
               а       б       в       г       д       е       ж       з       и       й       к       л       м       н       о       п       р       с       т       у       ф       х       ц       ч       ш       щ       ы       ь       э       ю       я
       а     0.0   0.002   0.005   0.001   0.003   0.002   0.002   0.005   0.001   0.001    0.01   0.008   0.005   0.006   0.001   0.003   0.003   0.005   0.006   0.001     0.0   0.002     0.0   0.002   0.001     0.0       0       0     0.0   0.001   0.002
       б   0.002     0.0     0.0     0.0     0.0   0.003     0.0     0.0   0.001       0     0.0   0.001     0.0     0.0   0.003     0.0   0.002     0.0     0.0   0.002       0     0.0     0.0     0.0     0.0     0.0   0.005     0.0     0.0     0.0   0.001
       в   0.006     0.0     0.0     0.0   0.001   0.006     0.0   0.001   0.004       0   0.001   0.001     0.0   0.002   0.008   0.001   0.001   0.005   0.001   0.001     0.0     0.0     0.0     0.0   0.002     0.0   0.003     0.0     0.0     0.0     0.0
       г   0.001     0.0     0.0     0.0   0.001     0.0       0     0.0   0.001       0     0.0   0.001     0.0     0.0    0.01     0.0   0.001     0.0     0.0   0.001       0     0.0       0     0.0     0.0       0       0       0       0       0       0
       д   0.006     0.0   0.001     0.0     0.0   0.006       0     0.0   0.002       0     0.0   0.001     0.0   0.002   0.004     0.0   0.002   0.001     0.0   0.002       0     0.0     0.0     0.0     0.0     0.0   0.001   0.001     0.0     0.0     0.0
       е     0.0   0.003   0.004   0.004   0.005   0.002   0.001   0.002   0.002   0.002   0.003   0.007   0.006    0.01   0.001   0.004   0.007   0.008   0.007   0.001     0.0   0.001   0.001   0.002   0.001   0.001       0       0     0.0     0.0     0.0
       ж   0.001     0.0     0.0     0.0   0.001   0.005     0.0     0.0   0.002       0     0.0     0.0     0.0   0.001     0.0     0.0     0.0     0.0     0.0     0.0     0.0     0.0     0.0     0.0       0       0       0     0.0     0.0       0     0.0
       з   0.006     0.0   0.001     0.0   0.001     0.0     0.0     0.0     0.0       0     0.0     0.0     0.0   0.002   0.001     0.0     0.0     0.0     0.0     0.0       0     0.0     0.0     0.0     0.0       0     0.0     0.0     0.0     0.0   0.001
       и     0.0   0.002   0.005   0.001   0.003   0.003     0.0   0.003   0.002   0.001   0.005   0.006   0.004   0.006   0.002   0.003   0.001   0.005   0.006   0.001     0.0   0.002   0.001   0.003   0.001     0.0       0       0     0.0     0.0   0.002
       й     0.0     0.0   0.001     0.0   0.001     0.0     0.0     0.0   0.001       0   0.001     0.0     0.0   0.001     0.0   0.001     0.0   0.001   0.001     0.0     0.0     0.0     0.0   0.001     0.0     0.0       0       0     0.0     0.0     0.0
       к    0.01     0.0   0.001     0.0     0.0   0.001     0.0     0.0   0.004       0     0.0   0.001     0.0   0.001   0.012   0.001   0.002   0.001   0.001   0.003     0.0     0.0     0.0     0.0     0.0     0.0       0       0     0.0       0     0.0
       л   0.006     0.0   0.001     0.0     0.0   0.005     0.0     0.0   0.008       0   0.001     0.0     0.0   0.001   0.008   0.001     0.0   0.002     0.0   0.002     0.0     0.0     0.0   0.001     0.0     0.0   0.001   0.005     0.0   0.001   0.002
       м   0.003     0.0   0.001     0.0     0.0   0.005     0.0     0.0   0.004       0   0.001     0.0     0.0   0.002   0.004   0.001     0.0   0.001     0.0   0.003     0.0     0.0     0.0     0.0     0.0     0.0   0.001     0.0     0.0       0   0.001
       н   0.011     0.0     0.0     0.0     0.0   0.012     0.0     0.0   0.009       0   0.001     0.0     0.0   0.004   0.012     0.0     0.0   0.001   0.001   0.003     0.0     0.0     0.0     0.0     0.0     0.0   0.004   0.002     0.0     0.0   0.001
       о     0.0   0.006   0.012   0.006   0.007   0.003   0.003   0.003   0.002   0.004   0.004   0.007   0.007   0.009   0.002   0.004   0.007   0.009   0.009   0.001     0.0   0.001     0.0   0.004   0.001     0.0       0       0     0.0   0.001   0.001
       п   0.001       0     0.0     0.0     0.0   0.003       0       0   0.001       0     0.0   0.001       0     0.0   0.012     0.0   0.008     0.0     0.0   0.001       0       0     0.0     0.0     0.0     0.0     0.0     0.0       0       0     0.0
       р   0.008     0.0     0.0     0.0     0.0   0.007     0.0     0.0   0.006       0     0.0     0.0     0.0   0.001   0.009     0.0     0.0     0.0   0.001   0.003     0.0     0.0     0.0     0.0     0.0     0.0   0.002   0.001     0.0     0.0   0.001
       с   0.002     0.0   0.002     0.0     0.0   0.005     0.0     0.0   0.002       0   0.005   0.003   0.001   0.001   0.003   0.002     0.0   0.001   0.012   0.001     0.0     0.0     0.0     0.0     0.0     0.0     0.0   0.003     0.0     0.0   0.005
       т   0.007     0.0   0.003     0.0     0.0   0.006     0.0     0.0   0.004       0   0.001     0.0     0.0   0.002   0.016   0.001   0.003   0.002   0.001   0.002     0.0     0.0     0.0   0.001     0.0     0.0   0.002   0.007     0.0     0.0   0.001
       у     0.0   0.001   0.002   0.002   0.003     0.0   0.003   0.001   0.001     0.0   0.001   0.001   0.002   0.001     0.0   0.002   0.001   0.002   0.002     0.0     0.0   0.001     0.0   0.002   0.001     0.0       0     0.0     0.0   0.001     0.0
       ф     0.0       0       0       0       0     0.0       0       0     0.0       0       0     0.0     0.0       0     0.0       0     0.0     0.0     0.0     0.0       0       0       0     0.0       0       0     0.0     0.0       0       0     0.0
       х   0.001     0.0   0.001     0.0     0.0     0.0     0.0     0.0   0.001       0     0.0     0.0     0.0   0.001   0.003   0.001     0.0   0.001     0.0     0.0     0.0     0.0     0.0     0.0     0.0     0.0       0       0     0.0     0.0     0.0
       ц   0.001     0.0     0.0     0.0     0.0   0.001       0     0.0     0.0       0     0.0     0.0     0.0     0.0     0.0     0.0     0.0     0.0     0.0     0.0       0       0       0     0.0       0       0     0.0       0     0.0       0     0.0
       ч   0.002       0     0.0     0.0     0.0   0.004     0.0     0.0   0.004       0   0.001     0.0     0.0   0.001     0.0     0.0     0.0     0.0   0.005   0.001       0     0.0       0     0.0     0.0       0       0     0.0       0       0       0
       ш   0.001     0.0     0.0     0.0     0.0   0.002       0     0.0   0.003       0   0.001   0.001     0.0     0.0     0.0     0.0       0     0.0     0.0     0.0       0     0.0       0       0       0       0       0   0.001       0       0       0
       щ     0.0       0       0       0       0   0.002       0       0   0.001       0       0       0       0     0.0     0.0       0     0.0       0       0     0.0       0       0       0       0       0       0       0     0.0       0       0       0
       ы     0.0     0.0   0.001     0.0     0.0   0.002     0.0     0.0     0.0   0.002   0.001   0.003   0.002   0.001     0.0   0.001     0.0   0.001   0.001     0.0     0.0   0.001     0.0     0.0   0.001     0.0       0       0     0.0       0     0.0
       ь     0.0   0.001   0.001     0.0   0.001   0.001     0.0   0.001   0.001       0   0.002     0.0   0.001   0.003   0.001   0.001     0.0   0.002   0.001     0.0     0.0     0.0     0.0   0.001     0.0     0.0       0       0     0.0     0.0   0.001
       э       0       0       0       0     0.0       0       0       0       0     0.0     0.0     0.0     0.0       0       0     0.0       0     0.0   0.002       0     0.0     0.0       0     0.0       0       0       0       0     0.0       0       0
       ю     0.0     0.0     0.0     0.0     0.0     0.0     0.0     0.0     0.0       0     0.0     0.0     0.0     0.0     0.0     0.0     0.0   0.001   0.001     0.0     0.0     0.0     0.0     0.0     0.0     0.0       0       0     0.0     0.0     0.0
       я     0.0   0.001   0.002     0.0   0.001     0.0     0.0   0.001   0.001     0.0   0.001   0.001   0.001   0.002   0.001   0.001     0.0   0.002   0.003     0.0     0.0     0.0     0.0   0.001     0.0     0.0       0       0     0.0     0.0     0.0

Entropy_n (n = 1, with spaces) is:
	4.375304088464876

Entropy_n (n = 1, without spaces) is:
	4.457392581982275

Entropy_n (n = 2, with spaces) is:
	3.7368895842238983

Entropy_n (n = 2, without spaces) is:
	3.817257841239711

Entropy_n (n = 2, with spaces, with step) is:
	3.710367916229299

Entropy_n (n = 2, without spaces, with step) is:
	3.8291077998811405

Redundancy (n = 1, with spaces) is:
	0.12493918230702472

Redundancy (n = 1, without spaces) is:
	0.10027937878905024

Redundancy (n = 2, with spaces) is:
	0.2526220831552204

Redundancy (n = 2, without spaces) is:
	0.22948999149740612

Redundancy (n = 2, with spaces, with step) is:
	0.2579264167541402

Redundancy (n = 2, without spaces, with step) is:
	0.22709808816959787
