  |     |  à  |  á  |  â  |  ã  |  ä  |  å  |  æ  |  ç  |  è  |  é  |  ê  |  ë  |  ì  |  í  |  î  |  ï  |  ð  |  ñ  |  ò  |  ó  |  ô  |  õ  |  ö  |  ÷  |  ø  |  ù  |  ú  |  û  |  ü  |  ý  |  þ  |  ÿ  |  ¸  |
  |  0  |7603 |26039|62104|22775|28292|20127|9092 |14833|81812|  0  |27302|7622 |25566|53438|38129|54588|11287|66402|30338|14222|1370 |5340 |4789 |15022|1632 | 152 |  0  |  0  |  0  |3006 | 392 |6903 |  0  |
à |55341|1798 |2665 |15144|3924 |8039 |4812 |3530 |11517|5059 |3195 |12970|24762|14355|11842| 944 |2774 |13297|11380|11611| 697 |1292 |4191 | 96  |2356 |4310 | 875 |  0  |  0  |  0  | 17  |3588 |2613 |  1  |
á |1020 |1665 | 210 | 209 |  7  | 46  |7495 | 10  |  6  |2927 |  0  | 41  |5017 | 113 | 995 |14228|  2  |5522 | 167 | 17  |6367 |  0  | 35  | 14  |  5  | 30  | 268 | 292 |10563| 174 |  0  |  0  |3025 |  0  |
â |26649|19236| 31  | 374 | 20  | 863 |21745|  1  |1579 |12528|  0  | 192 |3087 | 549 |2163 |38336| 340 |3570 |10254| 364 |3607 | 40  | 324 | 196 | 312 |2199 |  6  |  0  |9153 |1475 |  1  |  1  |3258 |  1  |
ã |3177 |4336 |  9  | 43  | 29  |4432 |1094 |  0  |  7  |3161 |  0  | 47  |2334 |  1  |1907 |47032| 14  |2740 | 56  | 19  |1742 |  3  |  2  |  0  | 45  | 50  |  0  |  0  |  0  |  0  |  0  |  0  |  2  |  0  |
ä |7302 |21203| 34  |2517 | 16  | 197 |23750|  1  | 60  |10209|  0  | 244 |3179 | 215 |7259 |13863| 133 |3215 | 936 | 301 |8805 |  0  | 39  |2269 | 25  | 287 | 63  | 19  |3001 |4690 |  2  | 10  |1810 |  0  |
å |62099| 288 |8964 |8148 |18972|10772|4793 |3482 |3431 |2218 |9300 |4406 |22703|20890|27019| 596 |2682 |18543|18844|20054| 335 |1095 |3073 |1265 |4047 |3384 |1415 |  0  |  0  |  0  | 19  |2226 |1405 |  0  |
æ | 247 |2593 | 110 | 11  | 90  |4024 |12062| 420 |  0  |7318 |  0  | 89  |  5  |  8  |1616 | 73  |  0  | 213 |  4  |  0  | 803 |  0  |  0  |  0  | 77  |  0  |  0  |  0  |  0  | 143 |  0  |  0  |  1  |  2  |
ç |5888 |15803| 961 |3445 | 624 |2039 |4282 | 49  | 574 |1040 |  0  | 154 |1972 | 645 |4278 |2143 |  7  |3956 |  9  | 11  | 977 |  2  |  0  | 11  |  6  |  2  |  0  | 34  |1573 | 776 |  1  | 36  |1162 |  0  |
è |110108|1531 |4542 |6688 |1196 |6735 |11341| 767 |11804|5992 |4615 |7830 |22737|14788|10416|2702 |1302 |3282 |13852|17085|1851 | 676 |13065|2777 |1480 |2340 |1732 |  0  |  0  |  0  | 18  |1538 |6850 |  0  |
é |22363| 45  | 43  | 141 | 30  |1756 | 40  |  4  | 17  | 682 |  0  | 101 | 16  | 96  | 892 | 92  | 127 |  9  |2323 |1881 | 32  |  4  |  8  | 133 | 24  | 394 |  0  |  0  |  0  |  0  |  6  |  1  | 27  |  0  |
ê |15309|19923| 21  | 434 |  8  | 10  |1055 | 347 |  2  |7778 |  0  | 135 |1973 |  6  | 894 |24928| 29  |5225 | 256 |2213 |3037 |  3  | 57  |  1  |  4  | 27  |  0  |  0  |  0  |  0  |  0  |  0  |  0  |  0  |
ë |26044|18831| 162 | 102 | 269 | 157 |16933|1068 | 20  |30402|  0  | 409 | 320 | 173 |1383 |18339| 122 |  8  |2613 | 146 |4617 | 20  | 106 |  6  | 301 | 27  |  6  |  0  |2120 |6997 |  5  |4291 |6905 |  0  |
ì |28439|6475 | 55  | 279 | 76  | 87  |14751| 10  | 55  |12730|  0  | 346 |4083 | 325 |5877 |13393| 253 | 402 | 872 | 169 |10673| 40  | 15  | 44  | 86  |  8  | 76  |  0  |2968 | 695 | 13  |  0  |2244 |  0  |
í |13910|38111|  9  | 29  | 412 | 129 |32546|  4  | 36  |34767|  0  | 283 |  7  | 38  |7544 |23833| 38  | 51  | 861 | 272 |4462 | 19  | 37  | 795 | 287 |  2  | 371 |  0  |10658|3319 |  0  | 512 |6143 |  0  |
î |63279|1095 |12385|28986|19833|28611|11658|6287 |5474 |9828 |8771 |6884 |14844|15614|19633| 435 |3349 |22148|30100|29857| 351 | 794 |1325 | 403 |3843 |3131 | 628 |  0  |  0  |  0  | 95  |5052 |2041 |  0  |
ï | 116 |4063 |  0  |  0  |  0  |  0  |5103 |  0  |  0  |3276 |  0  | 175 |2926 |  0  | 263 |38036| 111 |23850| 169 | 660 |3035 | 27  |  0  | 46  | 30  | 106 | 11  |  0  | 522 | 261 |  0  |  0  |1176 |  0  |
ð |1982 |27648| 370 | 912 | 543 |2151 |23118| 756 | 413 |17753|  0  | 300 | 228 | 284 |1587 |25099| 359 | 231 |1826 |2662 |8626 | 60  | 312 | 147 | 102 | 826 | 68  |  0  |6117 |2116 |  1  | 923 |3320 |  0  |
ñ |9711 |7692 | 203 |10206| 53  |2081 |18390| 77  | 20  |7101 |  0  |13946|12872|1960 |2502 |9469 |13177|1186 |2211 |36757|3938 | 115 | 732 | 241 | 564 | 187 |  1  | 109 |6222 |6783 |  0  | 326 |13046| 85  |
ò |30944|16293| 78  |15858| 37  | 685 |18960|  5  | 17  |12623|  0  |1162 | 376 | 166 |1962 |37604| 655 |7843 |4975 | 422 |3140 | 36  | 62  |1365 | 369 | 33  | 77  |  4  |7910 |18778|  5  |  6  |1998 |  0  |
ó |25095| 116 |2057 |1666 |2779 |11788| 725 |3547 | 867 |1057 | 458 |3270 |1243 |3070 | 540 | 117 |2879 | 715 |7382 |5171 | 27  | 84  |1699 | 74  |2235 |2734 |1150 |  0  |  0  |  0  | 17  |2676 | 171 |  0  |
ô | 684 |2021 |  0  |  9  |  2  |  4  | 675 |  0  |  4  | 997 |  0  | 11  | 69  | 14  | 35  | 399 |  4  | 305 | 89  | 21  | 199 | 110 |  3  |  3  |  0  |  2  |  0  |  0  | 88  | 50  |  0  |  0  | 37  |  0  |
õ |19455|2184 | 64  | 735 | 59  | 95  | 799 | 16  | 40  |2063 |  0  | 126 | 764 | 89  | 340 |5276 | 191 |1809 | 352 | 167 | 685 |  5  | 12  | 12  | 36  | 15  |  0  |  0  |  0  |  1  |  6  |  2  | 24  |  0  |
ö |1323 |8547 |  3  | 135 | 13  |  3  |3128 |  0  |  1  | 134 |  0  |  4  |  3  |  6  |  3  | 594 | 16  | 15  |  6  | 10  | 664 |  8  |  0  |  3  |  1  |  0  |  0  |  0  | 896 |  0  |  1  |  0  |  0  |  0  |
÷ | 600 |4386 |  2  |  1  |  1  |  1  |9019 |  0  |  4  |4743 |  0  | 130 | 67  | 40  |1452 | 188 |  3  | 470 |  0  |9758 | 949 |  0  |  0  |  9  |  0  | 287 |  0  |  0  |  0  | 859 |  0  |  0  |  0  |  0  |
ø | 413 |3509 | 21  | 29  |  2  |  4  |7170 |  0  |  0  |6665 |  0  | 132 |2175 | 12  | 839 | 410 | 12  |  1  |  9  | 24  | 844 |  6  |  9  | 81  |  0  | 13  |  0  |  0  |  0  |2811 |  0  |  0  |  0  |  0  |
ù | 39  |1716 |  0  | 65  |  0  |  0  |5060 |  0  |  0  |4040 |  0  |  0  |  0  |  0  | 191 |  3  |  0  | 23  |  2  |  1  | 612 |  0  |  0  |  0  |  1  |  0  |  0  |  0  |  0  | 109 |  0  |  0  |  0  |  0  |
ú |  0  |  0  |  0  |  0  |  0  |  0  | 137 |  0  |  0  |  4  |  0  |  0  |  0  |  0  |  0  |  0  |  0  |  0  |  0  |  0  |  0  |  0  |  0  |  0  |  0  |  0  |  0  |  0  |  0  |  0  |  0  |  0  | 317 |  0  |
û |21901| 34  | 203 |2652 | 79  | 364 |4035 | 83  | 79  | 364 |4588 | 664 |5063 |2986 |6900 | 70  | 261 | 623 |2013 |1311 | 15  |  1  |4302 |  7  | 534 |2487 | 142 |  0  |  0  |  0  |  4  | 13  | 13  |  0  |
ü |34643| 70  | 77  | 273 | 75  | 419 | 817 |  8  | 207 | 757 |  0  | 957 |  8  |1436 |2365 | 121 | 175 | 21  |2756 | 804 | 25  | 12  |  5  | 339 | 32  | 636 | 67  |  0  |  0  |  0  |  4  |1224 |1703 |  0  |
ý |  1  |  0  |  0  |  2  |  5  |  2  |  0  |  0  |  0  |  0  |  2  |  0  | 23  |  4  |  4  |  0  |  2  |  9  |  1  |3175 |  0  |  0  |  3  |  4  |  0  |  3  |  0  |  0  |  0  |  0  |  0  |  0  |  0  |  0  |
þ |14044| 62  |1031 | 110 | 119 |1383 | 42  | 83  | 110 | 607 |  4  | 70  | 17  | 37  | 357 | 95  | 116 | 19  | 329 |2227 | 28  |  2  |  3  |  6  | 277 |  2  |2115 |  0  |  0  |  0  |  9  | 111 | 24  |  0  |
ÿ |37969| 118 | 120 |1147 | 233 | 485 | 806 | 262 |1283 |1005 | 354 |1295 |2406 |2053 |2987 | 186 | 241 | 251 | 914 |6939 | 44  | 11  | 663 | 381 | 868 | 37  |2639 |  0  |  0  |  0  | 10  | 511 | 250 |  0  |
¸ | 82  |  0  |  0  |  0  |  1  |  0  |  0  |  0  |  0  |  0  |  0  |  0  |  1  |  0  |  2  |  1  |  0  |  1  |  0  |  1  |  0  |  0  |  0  |  0  |  0  |  0  |  0  |  0  |  0  |  0  |  0  |  0  |  0  |  0  |
